2040841191864089487
12863397583308341912
13664605077499327118
13981221397925148625
1020420595932044743
15655070828508946764
6832302538749663559
6990610698962574312
510210297966022371
17050907451109249190
3416151269374831779
12718677386336062964
255105148983011185
17748825762409400403
1708075634687415889
15582710730022807290
127552574491505592
18097784918059476009
10077409854198483752
17014727401866179453
63776287245752796
9048892459029738004
14262076963954017684
8507363700933089726
9255260180477652206
4524446229514869002
7131038481977008842
4253681850466544863
4627630090238826103
2262223114757434501
3565519240988504421
2126840925233272431
2313815045119413051
10354483594233493058
11006131657349028018
10286792499471412023
1156907522559706525
14400613833971522337
5503065828674514009
5143396249735706011
9801825798134629070
16423678953840536976
11974904951192032812
11795070161722628813
14124284935922090343
8211839476920268488
5987452475596016406
5897535080861314406
7062142467961045171
13329291775314910052
2993726237798008203
2948767540430657203
3531071233980522585
15888017924512230834
1496863118899004101
10697755807070104409
10988907653845037100
17167380999110891225
748431559449502050
14572249940389828012
14717825863777294358
8583690499555445612
9597587816579526833
7286124970194914006
7358912931888647179
4291845249777722806
4798793908289763416
12866434521952232811
3679456465944323589
11369294661743637211
2399396954144881708
6433217260976116405
11063100269826937602
14908019367726594413
10423070513927216662
3216608630488058202
14754922171768244609
7454009683863297206
14434907293818384139
1608304315244029101
7377461085884122304
12950376878786424411
7217453646909192069
10027524194476790358
12912102579796836960
6475188439393212205
12832098860309371842
14237134134093170987
6456051289898418480
3237594219696606102
15639421467009461729
7118567067046585493
3228025644949209240
1618797109848303051
7819710733504730864
12782655570378068554
1614012822474604620
809398554924151525
13133227403607141240
6391327785189034277
10030378448092078118
404699277462075762
15789985738658346428
3195663892594517138
14238561260900814867
202349638731037881
7894992869329173214
1597831946297258569
7119280630450407433
9324546856220294748
13170868471519362415
798915973148629284
3559640315225203716
13885645464964923182
6585434235759681207
9622830023429090450
1779820157612601858
6942822732482461591
3292717117879840603
14034787048569321033
889910078806300929
3471411366241230795
10869730595794696109
16240765561139436324
444955039403150464
10959077719975391205
14658237334752123862
17343754817424493970
222477519701575232
5479538859987695602
16552490704230837739
8671877408712246985
9334610796705563424
2739769429993847801
8276245352115418869
13559310741210899300
4667305398352781712
1369884714996923900
13361494712912485242
16003027407460225458
11557024736031166664
684942357498461950
6680747356456242621
8001513703730112729
15001884404870359140
342471178749230975
3340373678228121310
13224128888719832172
16724314239289955378
171235589374615487
10893558875968836463
6612064444359916086
8362157119644977689
85617794687307743
14670151474839194039
12529404259034733851
13404450596677264652
9266180934198429679
16558447774274372827
15488074166372142733
6702225298338632326
4633090467099214839
17502595923991962221
16967409120040847174
3351112649169316163
2316545233549607419
17974669998850756918
17707076596875199395
10898928361439433889
10381644653629579517
18210707036280154267
8853538298437599697
5449464180719716944
14414194363669565566
18328725554994852941
13650141186073575656
2724732090359858472
7207097181834782783
9164362777497426470
16048442629891563636
10585738082034705044
3603548590917391391
13805553425603489043
8024221314945781818
5292869041017352522
1801774295458695695
16126148749656520329
13235482694327666717
2646434520508676261
900887147729347847
17286446411683035972
15841113384018609166
1323217260254338130
9673815610719449731
17866595242696293794
7920556692009304583
9884980666981944873
4836907805359724865
18156669658202922705
3960278346004652291
14165862370345748244
11641825939534638240
18301706865956237160
11203511209857101953
7082931185172874122
5820912969767319120
9150853432978118580
5601755604928550976
3541465592586437061
2910456484883659560
4575426716489059290
2800877802464275488
10994104833147994338
10678600279296605588
2287713358244529645
1400438901232137744
14720424453428772977
5339300139648302794
1143856679122264822
9923591487470844680
7360212226714386488
11893022106678927205
571928339561132411
4961795743735422340
12903478150211969052
5946511053339463602
9509336206635342013
11704269908722486978
15675111111960760334
2973255526669731801
4754668103317671006
15075506991216019297
7837555555980380167
1486627763334865900
11600706088513611311
7537753495608009648
3918777777990190083
9966685918522208758
5800353044256805655
12992248784658780632
1959388888995095041
14206714996115880187
2900176522128402827
15719496429184166124
979694444497547520
16326729534912715901
10673460297918977221
17083120251446858870
9713219259103549568
8163364767456357950
14560102185814264418
17764932162578205243
4856609629551774784
4081682383728178975
7280051092907132209
8882466081289102621
11651676851630663200
2040841191864089487
12863397583308341912
13664605077499327118
15049210462670107408
1020420595932044743
15655070828508946764
6832302538749663559
7524605231335053704
510210297966022371
17050907451109249190
3416151269374831779
12985674652522302660
255105148983011185
17748825762409400403
1708075634687415889
15716209363115927138
127552574491505592
18097784918059476009
10077409854198483752
17081476718412739377
63776287245752796
9048892459029738004
14262076963954017684
17764110396061145496
9255260180477652206
4524446229514869002
7131038481977008842
8882055198030572748
4627630090238826103
2262223114757434501
3565519240988504421
13664399635870062182
2313815045119413051
10354483594233493058
11006131657349028018
6832199817935031091
1156907522559706525
14400613833971522337
5503065828674514009
3416099908967515545
9801825798134629070
16423678953840536976
11974904951192032812
10931421991338533580
14124284935922090343
8211839476920268488
5987452475596016406
5465710995669266790
7062142467961045171
13329291775314910052
2993726237798008203
11956227534689409203
3531071233980522585
15888017924512230834
1496863118899004101
15201485804199480409
10988907653845037100
17167380999110891225
748431559449502050
16824114938954516012
14717825863777294358
8583690499555445612
9597587816579526833
8412057469477258006
7358912931888647179
4291845249777722806
4798793908289763416
4206028734738629003
3679456465944323589
11369294661743637211
2399396954144881708
11326386404224090309
11063100269826937602
14908019367726594413
10423070513927216662
5663193202112045154
14754922171768244609
7454009683863297206
14434907293818384139
2831596601056022577
7377461085884122304
12950376878786424411
7217453646909192069
10639170337382787096
12912102579796836960
6475188439393212205
12832098860309371842
5319585168691393548
6456051289898418480
3237594219696606102
15639421467009461729
11883164621200472582
3228025644949209240
1618797109848303051
7819710733504730864
15164954347455012099
1614012822474604620
809398554924151525
13133227403607141240
16805849210582281857
10030378448092078118
404699277462075762
15789985738658346428
17626296642145916736
14238561260900814867
202349638731037881
7894992869329173214
8813148321072958368
7119280630450407433
9324546856220294748
13170868471519362415
4406574160536479184
3559640315225203716
13885645464964923182
6585434235759681207
2203287080268239592
1779820157612601858
6942822732482461591
3292717117879840603
10325015576988895604
889910078806300929
3471411366241230795
10869730595794696109
5162507788494447802
444955039403150464
10959077719975391205
14658237334752123862
2581253894247223901
222477519701575232
5479538859987695602
16552490704230837739
10513998983978387758
9334610796705563424
2739769429993847801
8276245352115418869
14480371528843969687
4667305398352781712
1369884714996923900
13361494712912485242
16463557801276760651
11557024736031166664
684942357498461950
6680747356456242621
8231778900638380325
15001884404870359140
342471178749230975
3340373678228121310
4115889450319190162
16724314239289955378
171235589374615487
10893558875968836463
2057944725159595081
8362157119644977689
85617794687307743
14670151474839194039
1028972362579797540
13404450596677264652
9266180934198429679
16558447774274372827
9737858218144674578
6702225298338632326
4633090467099214839
17502595923991962221
14092301145927113097
3351112649169316163
2316545233549607419
17974669998850756918
16269522609818332356
10898928361439433889
10381644653629579517
18210707036280154267
17358133341763941986
5449464180719716944
14414194363669565566
18328725554994852941
8679066670881970993
2724732090359858472
7207097181834782783
9164362777497426470
4339533335440985496
10585738082034705044
3603548590917391391
13805553425603489043
2169766667720492748
5292869041017352522
1801774295458695695
16126148749656520329
1084883333860246374
2646434520508676261
900887147729347847
17286446411683035972
9765813703784898995
1323217260254338130
9673815610719449731
17866595242696293794
14106278888747225305
9884980666981944873
4836907805359724865
18156669658202922705
16276511481228388460
14165862370345748244
11641825939534638240
18301706865956237160
8138255740614194230
7082931185172874122
5820912969767319120
9150853432978118580
13292499907161872923
3541465592586437061
2910456484883659560
4575426716489059290
15869621990435712269
10994104833147994338
10678600279296605588
2287713358244529645
17158183032072631942
14720424453428772977
5339300139648302794
1143856679122264822
8579091516036315971
7360212226714386488
11893022106678927205
571928339561132411
13512917794872933793
12903478150211969052
5946511053339463602
9509336206635342013
6756458897436466896
15675111111960760334
2973255526669731801
4754668103317671006
3378229448718233448
7837555555980380167
1486627763334865900
11600706088513611311
10912486761213892532
3918777777990190083
9966685918522208758
5800353044256805655
5456243380606946266
1959388888995095041
14206714996115880187
2900176522128402827
2728121690303473133
979694444497547520
16326729534912715901
10673460297918977221
10587432882006512374
9713219259103549568
8163364767456357950
14560102185814264418
14517088477858031995
4856609629551774784
4081682383728178975
7280051092907132209